LLWearable version 22
Gwyneth's Female Shape and Outfit Shape

	permissions 0
	{
		base_mask	7fffffff
		owner_mask	7fffffff
		group_mask	7fffffff
		everyone_mask	7fffbfff
		next_owner_mask	7fffffff
		creator_id	00000000-0000-0000-0000-000000000000
		owner_id	d2cdf457-5027-4887-abd8-573c62a85226
		last_owner_id	d2cdf457-5027-4887-abd8-573c62a85226
		group_id	00000000-0000-0000-0000-000000000000
	}
	sale_info	0
	{
		sale_type	not
		sale_price	10
	}
type 0
parameters 82
1 0
2 -.14
4 -.02
5 0
6 0
7 -.08
8 -.1
10 0
11 -.12
12 .1
13 0
14 .42
15 .54
17 .37
18 0
19 .12
20 -.08
21 -.17
22 0
23 .02
24 1.02
25 0
27 0
33 .28
34 -.7
35 .08
36 -.28
37 -.2
38 .28
80 0
105 .65
155 -.46
157 .08
185 -.54
193 .49
196 -.74
505 .46
506 -.8
507 -1.5
515 -1
517 -.12
518 .69
629 .49
637 0
646 .45
647 .31
649 .43
650 0
652 .55
653 -.1
656 0
659 .75
662 .5
663 0
664 0
665 -.24
675 -.05
676 0
678 .5
682 .59
683 -.09
684 -.3
685 0
690 .37
692 .54
693 .4
753 1.25
756 0
758 .21
759 .8
760 1.2
764 .38
765 .04
769 .44
773 .55
795 .5
796 .11
799 .5
841 0
842 .16
879 0
880 -.82
textures 0
